395,100,475,100
Bilder/Background.jpeg
                              
111111111111111111111111111111
1                            1
1                            1
1                            1
1                            1
1                            1
111111111111111111115555555111
                              
                              
                              
                              
                              
                              
                              
                              
                              
                              
                              
                              
