390,280,510,280
111111111111111111111111111111
1                            1 
1                            1
1                            1
1                            1
1                            1
1                            1
1           GGGGGGG          1
1           G     G          1
1           G     G          1
1           G  g  G          1
1           1111111          1
1        GG         GG       1
1                            1
1     GG               GG    1
1                            1
1   GG                   GG  1
16                          71
1gG                        Gg1
111111444444444444444444411111